    10.000      0.00000    
    12.990      0.00000    
    15.980      0.00000    
    18.970      0.00000    
    21.960      0.00000    
    24.950      0.00000    
    27.940      0.00000    
    30.930      1.21578E-40
    33.920      1.60181E-29
    36.910      5.24004E-24
    39.900      1.52892E-20
    42.890      2.28400E-18
    45.880      2.32224E-16
    48.870      4.74998E-15
    51.860      1.94749E-14
    54.850      1.33910E-13
    57.840      1.72938E-12
    60.830      1.29762E-11
    63.820      4.19747E-11
    66.810      1.13712E-10
    69.800      3.56052E-10
    72.790      9.89994E-10
    75.780      1.99091E-09
    78.770      3.13730E-09
    81.760      4.54110E-09
    84.750      7.71073E-09
    87.740      1.45258E-08
    90.730      2.79159E-08
    93.720      5.14333E-08
    96.710      8.72359E-08
    99.700      1.41189E-07
    102.69      2.24186E-07
    105.68      3.60722E-07
    108.67      2.84304E-07
    111.66      2.92065E-11
    114.65      0.00000    
    117.64      0.00000    
    120.63      0.00000    
    123.62      0.00000    
    126.61      0.00000    
    129.60      0.00000    
    132.59      0.00000    
    135.58      0.00000    
    138.57      0.00000    
    141.56      0.00000    
    144.55      0.00000    
    147.54      0.00000    
    150.53      0.00000    
    153.52      0.00000    
    156.51      0.00000    
    159.50      0.00000    
    162.49      0.00000    
    165.48      0.00000    
    168.47      0.00000    
    171.46      0.00000    
    174.45      0.00000    
    177.44      0.00000    
    180.43      0.00000    
    183.42      0.00000    
    186.41      0.00000    
    189.40      0.00000    
    192.39      0.00000    
    195.38      0.00000    
    198.37      0.00000    
    201.36      0.00000    
    204.35      0.00000    
    207.34      7.00649E-45
    210.33      1.48538E-43
    213.32      4.59766E-42
    216.31      8.93916E-41
    219.30      1.98657E-39
    222.29      2.37583E-38
    225.28      2.47986E-37
    228.27      7.90795E-36
    231.26      2.15888E-34
    234.25      8.56396E-33
    237.24      9.75178E-32
    240.23      8.15025E-31
    243.22      5.83435E-30
    246.21      3.68397E-29
    249.20      5.06965E-29
    252.19      4.39452E-28
    255.18      3.06543E-27
    258.17      1.96985E-26
    261.16      1.17209E-25
    264.15      6.48435E-25
    267.14      3.34651E-24
    270.13      1.61704E-23
    273.12      7.34076E-23
    276.11      3.14057E-22
    279.10      1.26970E-21
    282.09      4.86461E-21
    285.08      1.77093E-20
    288.07      6.14122E-20
    291.06      2.03323E-19
    294.05      6.44218E-19
    297.04      1.95683E-18
    300.03      5.70946E-18
    303.02      1.60353E-17
    306.01      4.34130E-17
    309.00      1.13466E-16
    311.99      2.86883E-16
    314.98      7.02277E-16
    317.97      1.64193E-15
    320.96      3.73183E-15
    323.95      8.25599E-15
    326.94      1.77930E-14
    329.93      3.73981E-14
    332.92      7.67605E-14
    335.91      1.53985E-13
    338.90      3.02158E-13
    341.89      5.80532E-13
    344.88      1.09303E-12
    347.87      2.01821E-12
    350.86      3.65713E-12
    353.85      6.50879E-12
    356.84      1.13852E-11
    359.83      1.95869E-11
    362.82      3.31627E-11
    365.81      5.52836E-11
    368.80      9.08007E-11
    371.79      1.47025E-10
    374.78      2.34807E-10
    377.77      3.70046E-10
    380.76      5.75749E-10
    383.75      8.84799E-10
    386.74      1.34364E-09
    389.73      2.03852E-09
    392.72      3.07789E-09
    395.71      4.59396E-09
    398.70      6.78107E-09
    401.69      9.94567E-09
    404.68      1.45366E-08
    407.67      2.10244E-08
    410.66      3.00999E-08
    413.65      4.26725E-08
    416.64      5.99269E-08
    419.63      8.33908E-08
    422.62      1.15023E-07
    425.61      1.57307E-07
    428.60      2.13356E-07
    431.59      2.87072E-07
    434.58      3.83280E-07
    437.57      5.07936E-07
    440.56      6.68279E-07
    443.55      8.73119E-07
    446.54      1.13305E-06
    449.53      1.46073E-06
    452.52      1.87125E-06
    455.51      2.38245E-06
    458.50      3.01529E-06
    461.49      3.79428E-06
    464.48      4.74786E-06
    467.47      5.90885E-06
    470.46      7.31522E-06
    473.45      9.01024E-06
    476.44      1.10433E-05
    479.43      1.34700E-05
    482.42      1.63535E-05
    485.41      1.97646E-05
    488.40      2.37833E-05
    491.39      2.84971E-05
    494.38      3.40040E-05
    497.37      4.04119E-05
    500.36      4.78399E-05
    503.35      5.64192E-05
    506.34      6.62923E-05
    509.33      7.76146E-05
    512.32      9.05539E-05
    515.31      1.05293E-04
    518.30      1.22028E-04
    521.29      1.40973E-04
    524.28      1.62350E-04
    527.27      1.86402E-04
    530.26      2.13388E-04
    533.25      2.43580E-04
    536.24      2.77269E-04
    539.23      3.14761E-04
    542.22      3.56380E-04
    545.21      4.02460E-04
    548.20      4.53353E-04
    551.19      5.09435E-04
    554.18      5.71092E-04
    557.17      6.38721E-04
    560.16      7.12744E-04
    563.15      7.95066E-04
    566.14      8.85630E-04
    569.13      9.84359E-04
    572.12      1.09175E-03
    575.11      1.20835E-03
    578.10      1.33469E-03
    581.09      1.47134E-03
    584.08      1.61885E-03
    587.07      1.77781E-03
    590.06      1.94882E-03
    593.05      2.13247E-03
    596.04      2.32937E-03
    599.03      2.54012E-03
    602.02      2.76534E-03
    605.01      3.00566E-03
    608.00      3.26172E-03
    610.99      3.53410E-03
    613.98      3.82347E-03
    616.97      4.13045E-03
    619.96      4.45568E-03
    622.95      4.79978E-03
    625.94      5.16337E-03
    628.93      5.54703E-03
    631.92      5.95144E-03
    634.91      6.37715E-03
    637.90      6.82480E-03
    640.89      7.32342E-03
    643.88      7.84827E-03
    646.87      8.39988E-03
    649.86      8.97892E-03
    652.85      9.58609E-03
    655.84      1.02221E-02
    658.83      1.08874E-02
    661.82      1.15827E-02
    664.81      1.23086E-02
    667.80      1.30657E-02
    670.79      1.38339E-02
    673.78      1.46090E-02
    676.77      1.54132E-02
    679.76      1.62468E-02
    682.75      1.70676E-02
    685.74      1.79080E-02
    688.73      1.87753E-02
    691.72      1.96697E-02
    694.71      2.05915E-02
    697.70      2.15408E-02
    700.69      2.25178E-02
    703.68      2.35525E-02
    706.67      2.46569E-02
    709.66      2.57937E-02
    712.65      2.69630E-02
    715.64      2.81652E-02
    718.63      2.94004E-02
    721.62      3.06684E-02
    724.61      3.19696E-02
    727.60      3.33228E-02
    730.59      3.47159E-02
    733.58      3.61434E-02
    736.57      3.76053E-02
    739.56      3.91019E-02
    742.55      4.06329E-02
    745.54      4.21981E-02
    748.53      4.37977E-02
    751.52      4.54315E-02
    754.51      4.70993E-02
    757.50      4.88008E-02
    760.49      5.05361E-02
    763.48      5.23048E-02
    766.47      5.41069E-02
    769.46      5.59419E-02
    772.45      5.78098E-02
    775.44      5.97102E-02
    778.43      6.16430E-02
    781.42      6.36078E-02
    784.41      6.56043E-02
    787.40      6.76323E-02
    790.39      6.96913E-02
    793.38      7.17813E-02
    796.37      7.39013E-02
    799.36      7.60514E-02
    802.35      7.82308E-02
    805.34      8.04395E-02
    808.33      8.26770E-02
    811.32      8.49427E-02
    814.31      8.72366E-02
    817.30      8.95582E-02
    820.29      9.19071E-02
    823.28      9.42824E-02
    826.27      9.66843E-02
    829.26      9.91119E-02
    832.25      0.10156    
    835.24      0.10404    
    838.23      0.10654    
    841.22      0.10907    
    844.21      0.11162    
    847.20      0.11419    
    850.19      0.11678    
    853.18      0.11940    
    856.17      0.12204    
    859.16      0.12470    
    862.15      0.12738    
    865.14      0.13007    
    868.13      0.13279    
    871.12      0.13553    
    874.11      0.13828    
    877.10      0.14106    
    880.09      0.14384    
    883.08      0.14663    
    886.07      0.14944    
    889.06      0.15227    
    892.05      0.15510    
    895.04      0.15796    
    898.03      0.16082    
    901.02      0.16370    
    904.01      0.16660    
    907.00      0.16950    
    909.99      0.17242    
    912.98      0.17535    
    915.97      0.17830    
    918.96      0.18125    
    921.95      0.18421    
    924.94      0.18719    
    927.93      0.19017    
    930.92      0.19316    
    933.91      0.19616    
    936.90      0.19917    
    939.89      0.20222    
    942.88      0.20528    
    945.87      0.20836    
    948.86      0.21144    
    951.85      0.21453    
    954.84      0.21762    
    957.83      0.22072    
    960.82      0.22382    
    963.81      0.22693    
    966.80      0.23005    
    969.79      0.23316    
    972.78      0.23628    
    975.77      0.23941    
    978.76      0.24253    
    981.75      0.24566    
    984.74      0.24879    
    987.73      0.25192    
    990.72      0.25506    
    993.71      0.25819    
    996.70      0.26132    
    999.69      0.26446    
    1002.7      0.26759    
    1005.7      0.27073    
    1008.7      0.27386    
    1011.7      0.27699    
    1014.6      0.28012    
    1017.6      0.28325    
    1020.6      0.28638    
    1023.6      0.28950    
    1026.6      0.29262    
    1029.6      0.29574    
    1032.6      0.29886    
    1035.6      0.30197    
    1038.6      0.30508    
    1041.6      0.30818    
    1044.5      0.31128    
    1047.5      0.31438    
    1050.5      0.31747    
    1053.5      0.32056    
    1056.5      0.32364    
    1059.5      0.32672    
    1062.5      0.32979    
    1065.5      0.33285    
    1068.5      0.33591    
    1071.4      0.33896    
    1074.4      0.34201    
    1077.4      0.34505    
    1080.4      0.34808    
    1083.4      0.35111    
    1086.4      0.35412    
    1089.4      0.35713    
    1092.4      0.36014    
    1095.4      0.36313    
    1098.4      0.36612    
    1101.3      0.36910    
    1104.3      0.37207    
    1107.3      0.37503    
    1110.3      0.37799    
    1113.3      0.38093    
    1116.3      0.38387    
    1119.3      0.38680    
    1122.3      0.38972    
    1125.3      0.39263    
    1128.3      0.39553    
    1131.3      0.39842    
    1134.2      0.40130    
    1137.2      0.40418    
    1140.2      0.40704    
    1143.2      0.40990    
    1146.2      0.41274    
    1149.2      0.41557    
    1152.2      0.41840    
    1155.2      0.42121    
    1158.2      0.42402    
    1161.2      0.42681    
    1164.1      0.42959    
    1167.1      0.43236    
    1170.1      0.43513    
    1173.1      0.43788    
    1176.1      0.44062    
    1179.1      0.44335    
    1182.1      0.44606    
    1185.1      0.44877    
    1188.1      0.45147    
    1191.1      0.45415    
    1194.0      0.45683    
    1197.0      0.45949    
    1200.0      0.46215    
    1203.0      0.46479    
    1206.0      0.46742    
    1209.0      0.47004    
    1212.0      0.47265    
    1215.0      0.47525    
    1218.0      0.47784    
    1220.9      0.48041    
    1223.9      0.48298    
    1226.9      0.48553    
    1229.9      0.48807    
    1232.9      0.49060    
    1235.9      0.49312    
    1238.9      0.49563    
    1241.9      0.49812    
    1244.9      0.50061    
    1247.9      0.50308    
    1250.8      0.50554    
    1253.8      0.50799    
    1256.8      0.51043    
    1259.8      0.51286    
    1262.8      0.51527    
    1265.8      0.51768    
    1268.8      0.52007    
    1271.8      0.52245    
    1274.8      0.52482    
    1277.8      0.52718    
    1280.8      0.52953    
    1283.7      0.53186    
    1286.7      0.53419    
    1289.7      0.53650    
    1292.7      0.53880    
    1295.7      0.54109    
    1298.7      0.54337    
    1301.7      0.54564    
    1304.7      0.54789    
    1307.7      0.55014    
    1310.7      0.55237    
    1313.6      0.55460    
    1316.6      0.55681    
    1319.6      0.55901    
    1322.6      0.56120    
    1325.6      0.56337    
    1328.6      0.56554    
    1331.6      0.56770    
    1334.6      0.56984    
    1337.6      0.57198    
    1340.6      0.57410    
    1343.5      0.57621    
    1346.5      0.57831    
    1349.5      0.58040    
    1352.5      0.58248    
    1355.5      0.58455    
    1358.5      0.58661    
    1361.5      0.58865    
    1364.5      0.59069    
    1367.5      0.59272    
    1370.4      0.59473    
    1373.4      0.59674    
    1376.4      0.59873    
    1379.4      0.60071    
    1382.4      0.60269    
    1385.4      0.60465    
    1388.4      0.60660    
    1391.4      0.60855    
    1394.4      0.61048    
    1397.4      0.61240    
    1400.3      0.61431    
    1403.3      0.61621    
    1406.3      0.61810    
    1409.3      0.61998    
    1412.3      0.62185    
    1415.3      0.62371    
    1418.3      0.62556    
    1421.3      0.62740    
    1424.3      0.62923    
    1427.3      0.63105    
    1430.3      0.63286    
    1433.2      0.63466    
    1436.2      0.63645    
    1439.2      0.63823    
    1442.2      0.64000    
    1445.2      0.64176    
    1448.2      0.64351    
    1451.2      0.64525    
    1454.2      0.64698    
    1457.2      0.64871    
    1460.2      0.65042    
    1463.1      0.65212    
    1466.1      0.65382    
    1469.1      0.65550    
    1472.1      0.65718    
    1475.1      0.65884    
    1478.1      0.66050    
    1481.1      0.66215    
    1484.1      0.66379    
    1487.1      0.66542    
    1490.1      0.66704    
    1493.0      0.66865    
    1496.0      0.67025    
    1499.0      0.67184    
    1502.0      0.67343    
    1505.0      0.67500    
    1508.0      0.67657    
    1511.0      0.67813    
    1514.0      0.67968    
    1517.0      0.68122    
    1519.9      0.68278    
    1522.9      0.68434    
    1525.9      0.68589    
    1528.9      0.68743    
    1531.9      0.68896    
    1534.9      0.69048    
    1537.9      0.69199    
    1540.9      0.69350    
    1543.9      0.69499    
    1546.9      0.69648    
    1549.8      0.69796    
    1552.8      0.69943    
    1555.8      0.70089    
    1558.8      0.70234    
    1561.8      0.70379    
    1564.8      0.70522    
    1567.8      0.70665    
    1570.8      0.70807    
    1573.8      0.70949    
    1576.8      0.71089    
    1579.7      0.71229    
    1582.7      0.71368    
    1585.7      0.71506    
    1588.7      0.71643    
    1591.7      0.71780    
    1594.7      0.71915    
    1597.7      0.72050    
    1600.7      0.72184    
    1603.7      0.72318    
    1606.7      0.72451    
    1609.7      0.72582    
    1612.6      0.72714    
    1615.6      0.72844    
    1618.6      0.72974    
    1621.6      0.73103    
    1624.6      0.73231    
    1627.6      0.73358    
    1630.6      0.73485    
    1633.6      0.73611    
    1636.6      0.73736    
    1639.6      0.73861    
    1642.5      0.73985    
    1645.5      0.74108    
    1648.5      0.74231    
    1651.5      0.74352    
    1654.5      0.74474    
    1657.5      0.74594    
    1660.5      0.74714    
    1663.5      0.74833    
    1666.5      0.74951    
    1669.4      0.75069    
    1672.4      0.75186    
    1675.4      0.75302    
    1678.4      0.75418    
    1681.4      0.75533    
    1684.4      0.75648    
    1687.4      0.75761    
    1690.4      0.75875    
    1693.4      0.75987    
    1696.4      0.76099    
    1699.3      0.76210    
    1702.3      0.76321    
    1705.3      0.76431    
    1708.3      0.76540    
    1711.3      0.76649    
    1714.3      0.76757    
    1717.3      0.76864    
    1720.3      0.76971    
    1723.3      0.77078    
    1726.3      0.77183    
    1729.2      0.77288    
    1732.2      0.77393    
    1735.2      0.77497    
    1738.2      0.77600    
    1741.2      0.77703    
    1744.2      0.77805    
    1747.2      0.77907    
    1750.2      0.78008    
    1753.2      0.78108    
    1756.2      0.78208    
    1759.2      0.78308    
    1762.1      0.78406    
    1765.1      0.78505    
    1768.1      0.78602    
    1771.1      0.78700    
    1774.1      0.78796    
    1777.1      0.78892    
    1780.1      0.78988    
    1783.1      0.79083    
    1786.1      0.79177    
    1789.1      0.79271    
    1792.0      0.79365    
    1795.0      0.79457    
    1798.0      0.79550    
    1801.0      0.79642    
    1804.0      0.79733    
    1807.0      0.79824    
    1810.0      0.79914    
    1813.0      0.80004    
    1816.0      0.80094    
    1818.9      0.80182    
    1821.9      0.80271    
    1824.9      0.80359    
    1827.9      0.80446    
    1830.9      0.80533    
    1833.9      0.80619    
    1836.9      0.80705    
    1839.9      0.80791    
    1842.9      0.80876    
    1845.9      0.80960    
    1848.8      0.81044    
    1851.8      0.81128    
    1854.8      0.81211    
    1857.8      0.81294    
    1860.8      0.81376    
    1863.8      0.81458    
    1866.8      0.81539    
    1869.8      0.81620    
    1872.8      0.81701    
    1875.8      0.81781    
    1878.7      0.81860    
    1881.7      0.81939    
    1884.7      0.82018    
    1887.7      0.82096    
    1890.7      0.82174    
    1893.7      0.82252    
    1896.7      0.82329    
    1899.7      0.82405    
    1902.7      0.82482    
    1905.7      0.82557    
    1908.7      0.82633    
    1911.6      0.82708    
    1914.6      0.82782    
    1917.6      0.82856    
    1920.6      0.82930    
    1923.6      0.83003    
    1926.6      0.83076    
    1929.6      0.83149    
    1932.6      0.83221    
    1935.6      0.83293    
    1938.6      0.83364    
    1941.5      0.83435    
    1944.5      0.83506    
    1947.5      0.83576    
    1950.5      0.83646    
    1953.5      0.83715    
    1956.5      0.83785    
    1959.5      0.83853    
    1962.5      0.83922    
    1965.5      0.83990    
    1968.4      0.84057    
    1971.4      0.84125    
    1974.4      0.84192    
    1977.4      0.84258    
    1980.4      0.84324    
    1983.4      0.84390    
    1986.4      0.84456    
    1989.4      0.84521    
    1992.4      0.84586    
    1995.4      0.84650    
    1998.3      0.84715    
    2001.3      0.84778    
    2004.3      0.84842    
    2007.3      0.84905    
    2010.3      0.84968    
    2013.3      0.85030    
    2016.3      0.85092    
    2019.3      0.85154    
    2022.3      0.85216    
    2025.3      0.85277    
    2028.2      0.85339    
    2031.2      0.85401    
    2034.2      0.85462    
    2037.2      0.85523    
    2040.2      0.85584    
    2043.2      0.85645    
    2046.2      0.85705    
    2049.2      0.85765    
    2052.2      0.85824    
    2055.2      0.85883    
    2058.1      0.85942    
    2061.1      0.86001    
    2064.1      0.86059    
    2067.1      0.86117    
    2070.1      0.86175    
    2073.1      0.86232    
    2076.1      0.86289    
    2079.1      0.86346    
    2082.1      0.86402    
    2085.1      0.86459    
    2088.1      0.86514    
    2091.0      0.86570    
    2094.0      0.86625    
    2097.0      0.86680    
    2100.0      0.86735    
    2103.0      0.86789    
    2106.0      0.86844    
    2109.0      0.86897    
    2112.0      0.86951    
    2115.0      0.87004    
    2117.9      0.87057    
    2120.9      0.87110    
    2123.9      0.87163    
    2126.9      0.87215    
    2129.9      0.87267    
    2132.9      0.87318    
    2135.9      0.87370    
    2138.9      0.87421    
    2141.9      0.87472    
    2144.9      0.87522    
    2147.9      0.87573    
    2150.8      0.87623    
    2153.8      0.87673    
    2156.8      0.87722    
    2159.8      0.87772    
    2162.8      0.87821    
    2165.8      0.87869    
    2168.8      0.87918    
    2171.8      0.87966    
    2174.8      0.88014    
    2177.8      0.88062    
    2180.7      0.88110    
    2183.7      0.88157    
    2186.7      0.88204    
    2189.7      0.88251    
    2192.7      0.88298    
    2195.7      0.88344    
    2198.7      0.88390    
    2201.7      0.88436    
    2204.7      0.88482    
    2207.6      0.88528    
    2210.6      0.88573    
    2213.6      0.88618    
    2216.6      0.88663    
    2219.6      0.88707    
    2222.6      0.88751    
    2225.6      0.88796    
    2228.6      0.88839    
    2231.6      0.88883    
    2234.6      0.88927    
    2237.6      0.88970    
    2240.5      0.89013    
    2243.5      0.89056    
    2246.5      0.89098    
    2249.5      0.89141    
    2252.5      0.89183    
    2255.5      0.89225    
    2258.5      0.89266    
    2261.5      0.89308    
    2264.5      0.89349    
    2267.4      0.89390    
    2270.4      0.89431    
    2273.4      0.89472    
    2276.4      0.89513    
    2279.4      0.89553    
    2282.4      0.89593    
    2285.4      0.89633    
    2288.4      0.89673    
    2291.4      0.89712    
    2294.4      0.89752    
    2297.4      0.89791    
    2300.3      0.89830    
    2303.3      0.89869    
    2306.3      0.89907    
    2309.3      0.89946    
    2312.3      0.89984    
    2315.3      0.90022    
    2318.3      0.90060    
    2321.3      0.90097    
    2324.3      0.90135    
    2327.2      0.90172    
    2330.2      0.90209    
    2333.2      0.90246    
    2336.2      0.90283    
    2339.2      0.90319    
    2342.2      0.90356    
    2345.2      0.90392    
    2348.2      0.90428    
    2351.2      0.90464    
    2354.2      0.90500    
    2357.1      0.90535    
    2360.1      0.90570    
    2363.1      0.90606    
    2366.1      0.90641    
    2369.1      0.90675    
    2372.1      0.90710    
    2375.1      0.90745    
    2378.1      0.90779    
    2381.1      0.90813    
    2384.1      0.90847    
    2387.1      0.90881    
    2390.0      0.90915    
    2393.0      0.90948    
    2396.0      0.90982    
    2399.0      0.91015    
    2402.0      0.91048    
    2405.0      0.91081    
    2408.0      0.91114    
    2411.0      0.91146    
    2414.0      0.91179    
    2416.9      0.91211    
    2419.9      0.91243    
    2422.9      0.91275    
    2425.9      0.91307    
    2428.9      0.91338    
    2431.9      0.91370    
    2434.9      0.91401    
    2437.9      0.91433    
    2440.9      0.91464    
    2443.9      0.91495    
    2446.9      0.91525    
    2449.8      0.91556    
    2452.8      0.91587    
    2455.8      0.91617    
    2458.8      0.91647    
    2461.8      0.91677    
    2464.8      0.91707    
    2467.8      0.91737    
    2470.8      0.91767    
    2473.8      0.91796    
    2476.8      0.91826    
    2479.7      0.91855    
    2482.7      0.91884    
    2485.7      0.91913    
    2488.7      0.91942    
    2491.7      0.91970    
    2494.7      0.91999    
    2497.7      0.92028    
    2500.7      0.92056    
    2503.7      0.92084    
    2506.6      0.92112    
    2509.6      0.92140    
    2512.6      0.92168    
    2515.6      0.92196    
    2518.6      0.92223    
    2521.6      0.92251    
    2524.6      0.92278    
    2527.6      0.92305    
    2530.6      0.92332    
    2533.6      0.92359    
    2536.6      0.92386    
    2539.5      0.92412    
    2542.5      0.92439    
    2545.5      0.92465    
    2548.5      0.92492    
    2551.5      0.92518    
    2554.5      0.92544    
    2557.5      0.92570    
    2560.5      0.92596    
    2563.5      0.92622    
    2566.4      0.92647    
    2569.4      0.92673    
    2572.4      0.92698    
    2575.4      0.92723    
    2578.4      0.92749    
    2581.4      0.92774    
    2584.4      0.92799    
    2587.4      0.92823    
    2590.4      0.92848    
    2593.4      0.92873    
    2596.4      0.92897    
    2599.3      0.92922    
    2602.3      0.92946    
    2605.3      0.92970    
    2608.3      0.92994    
    2611.3      0.93018    
    2614.3      0.93042    
    2617.3      0.93066    
    2620.3      0.93089    
    2623.3      0.93113    
    2626.3      0.93136    
    2629.2      0.93160    
    2632.2      0.93183    
    2635.2      0.93206    
    2638.2      0.93229    
    2641.2      0.93252    
    2644.2      0.93275    
    2647.2      0.93297    
    2650.2      0.93320    
    2653.2      0.93342    
    2656.1      0.93365    
    2659.1      0.93387    
    2662.1      0.93409    
    2665.1      0.93432    
    2668.1      0.93454    
    2671.1      0.93476    
    2674.1      0.93497    
    2677.1      0.93519    
    2680.1      0.93541    
    2683.1      0.93562    
    2686.1      0.93584    
    2689.0      0.93605    
    2692.0      0.93626    
    2695.0      0.93648    
    2698.0      0.93669    
    2701.0      0.93690    
    2704.0      0.93711    
    2707.0      0.93731    
    2710.0      0.93752    
    2713.0      0.93773    
    2715.9      0.93793    
    2718.9      0.93814    
    2721.9      0.93834    
    2724.9      0.93854    
    2727.9      0.93875    
    2730.9      0.93895    
    2733.9      0.93915    
    2736.9      0.93935    
    2739.9      0.93955    
    2742.9      0.93974    
    2745.9      0.93994    
    2748.8      0.94014    
    2751.8      0.94033    
    2754.8      0.94053    
    2757.8      0.94072    
    2760.8      0.94091    
    2763.8      0.94110    
    2766.8      0.94129    
    2769.8      0.94149    
    2772.8      0.94167    
    2775.7      0.94186    
    2778.7      0.94205    
    2781.7      0.94224    
    2784.7      0.94242    
    2787.7      0.94261    
    2790.7      0.94279    
    2793.7      0.94298    
    2796.7      0.94316    
    2799.7      0.94334    
    2802.7      0.94353    
    2805.6      0.94371    
    2808.6      0.94389    
    2811.6      0.94407    
    2814.6      0.94425    
    2817.6      0.94442    
    2820.6      0.94460    
    2823.6      0.94478    
    2826.6      0.94495    
    2829.6      0.94513    
    2832.6      0.94530    
    2835.6      0.94547    
    2838.5      0.94565    
    2841.5      0.94582    
    2844.5      0.94599    
    2847.5      0.94616    
    2850.5      0.94633    
    2853.5      0.94650    
    2856.5      0.94667    
    2859.5      0.94684    
    2862.5      0.94700    
    2865.4      0.94717    
    2868.4      0.94734    
    2871.4      0.94750    
    2874.4      0.94767    
    2877.4      0.94783    
    2880.4      0.94799    
    2883.4      0.94816    
    2886.4      0.94832    
    2889.4      0.94848    
    2892.4      0.94864    
    2895.4      0.94880    
    2898.3      0.94896    
    2901.3      0.94912    
    2904.3      0.94927    
    2907.3      0.94943    
    2910.3      0.94959    
    2913.3      0.94974    
    2916.3      0.94990    
    2919.3      0.95005    
    2922.3      0.95021    
    2925.3      0.95036    
    2928.2      0.95051    
    2931.2      0.95067    
    2934.2      0.95082    
    2937.2      0.95097    
    2940.2      0.95112    
    2943.2      0.95127    
    2946.2      0.95142    
    2949.2      0.95157    
    2952.2      0.95171    
    2955.1      0.95186    
    2958.1      0.95201    
    2961.1      0.95215    
    2964.1      0.95230    
    2967.1      0.95245    
    2970.1      0.95259    
    2973.1      0.95273    
    2976.1      0.95288    
    2979.1      0.95302    
    2982.1      0.95316    
    2985.1      0.95330    
    2988.0      0.95344    
    2991.0      0.95359    
    2994.0      0.95373    
    2997.0      0.95386    
    3000.0      0.95400    
