    10.000      0.00000    
    12.990      0.00000    
    15.980      0.00000    
    18.970      0.00000    
    21.960      0.00000    
    24.950      0.00000    
    27.940      1.29293E-30
    30.930      1.10263E-20
    33.920      4.00226E-15
    36.910      2.28911E-12
    39.900      1.23650E-10
    42.890      1.51129E-09
    45.880      1.52389E-08
    48.870      6.89201E-08
    51.860      1.39553E-07
    54.850      3.65938E-07
    57.840      1.31506E-06
    60.830      3.60225E-06
    63.820      6.47879E-06
    66.810      1.06636E-05
    69.800      1.88694E-05
    72.790      3.14642E-05
    75.780      4.46196E-05
    78.770      5.60116E-05
    81.760      6.73877E-05
    84.750      8.78108E-05
    87.740      1.20523E-04
    90.730      1.67081E-04
    93.720      2.26789E-04
    96.710      2.95357E-04
    99.700      3.75752E-04
    102.69      4.73483E-04
    105.68      6.00602E-04
    108.67      5.33202E-04
    111.66      5.40430E-06
    114.65      0.00000    
    117.64      0.00000    
    120.63      0.00000    
    123.62      0.00000    
    126.61      0.00000    
    129.60      0.00000    
    132.59      0.00000    
    135.58      0.00000    
    138.57      0.00000    
    141.56      0.00000    
    144.55      0.00000    
    147.54      2.80260E-45
    150.53      2.80260E-45
    153.52      7.00649E-45
    156.51      1.40130E-45
    159.50      1.40130E-45
    162.49      7.84727E-44
    165.48      1.67985E-39
    168.47      8.40731E-36
    171.46      9.15081E-34
    174.45      4.27388E-32
    177.44      3.58844E-30
    180.43      1.73573E-28
    183.42      1.06807E-27
    186.41      5.73719E-27
    189.40      2.23088E-26
    192.39      7.99818E-26
    195.38      4.52763E-25
    198.37      1.87699E-24
    201.36      6.84427E-24
    204.35      1.72840E-23
    207.34      8.41882E-23
    210.33      3.86215E-22
    213.32      2.14416E-21
    216.31      9.45468E-21
    219.30      4.45709E-20
    222.29      1.54137E-19
    225.28      4.97982E-19
    228.27      2.81211E-18
    231.26      1.46931E-17
    234.25      9.25417E-17
    237.24      3.12278E-16
    240.23      9.02787E-16
    243.22      2.41544E-15
    246.21      6.06957E-15
    249.20      7.12015E-15
    252.19      2.09631E-14
    255.18      5.53663E-14
    258.17      1.40351E-13
    261.16      3.42357E-13
    264.15      8.05254E-13
    267.14      1.82935E-12
    270.13      4.02124E-12
    273.12      8.56782E-12
    276.11      1.77217E-11
    279.10      3.56328E-11
    282.09      6.97467E-11
    285.08      1.33076E-10
    288.07      2.47815E-10
    291.06      4.50913E-10
    294.05      8.02632E-10
    297.04      1.39887E-09
    300.03      2.38945E-09
    303.02      4.00441E-09
    306.01      6.58885E-09
    309.00      1.06521E-08
    311.99      1.69376E-08
    314.98      2.65005E-08
    317.97      4.05207E-08
    320.96      6.10887E-08
    323.95      9.08625E-08
    326.94      1.33390E-07
    329.93      1.93386E-07
    332.92      2.77057E-07
    335.91      3.92410E-07
    338.90      5.49689E-07
    341.89      7.61927E-07
    344.88      1.04548E-06
    347.87      1.42064E-06
    350.86      1.91236E-06
    353.85      2.55123E-06
    356.84      3.37420E-06
    359.83      4.42571E-06
    362.82      5.75870E-06
    365.81      7.43529E-06
    368.80      9.52894E-06
    371.79      1.21254E-05
    374.78      1.53234E-05
    377.77      1.92366E-05
    380.76      2.39948E-05
    383.75      2.97456E-05
    386.74      3.66557E-05
    389.73      4.51500E-05
    392.72      5.54788E-05
    395.71      6.77788E-05
    398.70      8.23472E-05
    401.69      9.97280E-05
    404.68      1.20568E-04
    407.67      1.44998E-04
    410.66      1.73493E-04
    413.65      2.06573E-04
    416.64      2.44800E-04
    419.63      2.88775E-04
    422.62      3.39151E-04
    425.61      3.96619E-04
    428.60      4.61905E-04
    431.59      5.35791E-04
    434.58      6.19096E-04
    437.57      7.12697E-04
    440.56      8.17483E-04
    443.55      9.34408E-04
    446.54      1.06445E-03
    449.53      1.20861E-03
    452.52      1.36794E-03
    455.51      1.54352E-03
    458.50      1.73646E-03
    461.49      1.94789E-03
    464.48      2.17896E-03
    467.47      2.43081E-03
    470.46      2.70467E-03
    473.45      3.00171E-03
    476.44      3.32314E-03
    479.43      3.67015E-03
    482.42      4.04395E-03
    485.41      4.44573E-03
    488.40      4.87681E-03
    491.39      5.33827E-03
    494.38      5.83129E-03
    497.37      6.35704E-03
    500.36      6.91664E-03
    503.35      7.51127E-03
    506.34      8.14201E-03
    509.33      8.80992E-03
    512.32      9.51598E-03
    515.31      1.02612E-02
    518.30      1.10466E-02
    521.29      1.18732E-02
    524.28      1.27416E-02
    527.27      1.36529E-02
    530.26      1.46078E-02
    533.25      1.56070E-02
    536.24      1.66514E-02
    539.23      1.77415E-02
    542.22      1.88780E-02
    545.21      2.00614E-02
    548.20      2.12921E-02
    551.19      2.25707E-02
    554.18      2.38975E-02
    557.17      2.52729E-02
    560.16      2.66973E-02
    563.15      2.81969E-02
    566.14      2.97595E-02
    569.13      3.13745E-02
    572.12      3.30416E-02
    575.11      3.47613E-02
    578.10      3.65334E-02
    581.09      3.83580E-02
    584.08      4.02349E-02
    587.07      4.21641E-02
    590.06      4.41455E-02
    593.05      4.61787E-02
    596.04      4.82635E-02
    599.03      5.03996E-02
    602.02      5.25865E-02
    605.01      5.48239E-02
    608.00      5.71114E-02
    610.99      5.94483E-02
    613.98      6.18342E-02
    616.97      6.42686E-02
    619.96      6.67509E-02
    622.95      6.92804E-02
    625.94      7.18566E-02
    628.93      7.44784E-02
    631.92      7.71456E-02
    634.91      7.98571E-02
    637.90      8.26123E-02
    640.89      8.55770E-02
    643.88      8.85905E-02
    646.87      9.16508E-02
    649.86      9.47572E-02
    652.85      9.79086E-02
    655.84      0.10110    
    658.83      0.10434    
    661.82      0.10762    
    664.81      0.11094    
    667.80      0.11431    
    670.79      0.11762    
    673.78      0.12087    
    676.77      0.12415    
    679.76      0.12746    
    682.75      0.13064    
    685.74      0.13382    
    688.73      0.13702    
    691.72      0.14025    
    694.71      0.14350    
    697.70      0.14677    
    700.69      0.15006    
    703.68      0.15347    
    706.67      0.15703    
    709.66      0.16060    
    712.65      0.16420    
    715.64      0.16783    
    718.63      0.17147    
    721.62      0.17512    
    724.61      0.17880    
    727.60      0.18255    
    730.59      0.18632    
    733.58      0.19011    
    736.57      0.19392    
    739.56      0.19774    
    742.55      0.20158    
    745.54      0.20542    
    748.53      0.20928    
    751.52      0.21315    
    754.51      0.21702    
    757.50      0.22091    
    760.49      0.22480    
    763.48      0.22870    
    766.47      0.23261    
    769.46      0.23652    
    772.45      0.24044    
    775.44      0.24436    
    778.43      0.24828    
    781.42      0.25221    
    784.41      0.25613    
    787.40      0.26006    
    790.39      0.26399    
    793.38      0.26792    
    796.37      0.27185    
    799.36      0.27577    
    802.35      0.27970    
    805.34      0.28362    
    808.33      0.28754    
    811.32      0.29145    
    814.31      0.29536    
    817.30      0.29926    
    820.29      0.30316    
    823.28      0.30705    
    826.27      0.31094    
    829.26      0.31482    
    832.25      0.31869    
    835.24      0.32256    
    838.23      0.32641    
    841.22      0.33026    
    844.21      0.33409    
    847.20      0.33792    
    850.19      0.34174    
    853.18      0.34554    
    856.17      0.34934    
    859.16      0.35312    
    862.15      0.35690    
    865.14      0.36066    
    868.13      0.36441    
    871.12      0.36814    
    874.11      0.37187    
    877.10      0.37558    
    880.09      0.37927    
    883.08      0.38293    
    886.07      0.38658    
    889.06      0.39021    
    892.05      0.39383    
    895.04      0.39744    
    898.03      0.40103    
    901.02      0.40460    
    904.01      0.40816    
    907.00      0.41171    
    909.99      0.41524    
    912.98      0.41875    
    915.97      0.42225    
    918.96      0.42573    
    921.95      0.42920    
    924.94      0.43265    
    927.93      0.43608    
    930.92      0.43950    
    933.91      0.44290    
    936.90      0.44628    
    939.89      0.44968    
    942.88      0.45308    
    945.87      0.45646    
    948.86      0.45983    
    951.85      0.46317    
    954.84      0.46650    
    957.83      0.46981    
    960.82      0.47310    
    963.81      0.47638    
    966.80      0.47963    
    969.79      0.48287    
    972.78      0.48609    
    975.77      0.48929    
    978.76      0.49247    
    981.75      0.49564    
    984.74      0.49879    
    987.73      0.50192    
    990.72      0.50503    
    993.71      0.50812    
    996.70      0.51120    
    999.69      0.51426    
    1002.7      0.51729    
    1005.7      0.52031    
    1008.7      0.52332    
    1011.7      0.52630    
    1014.6      0.52926    
    1017.6      0.53221    
    1020.6      0.53514    
    1023.6      0.53805    
    1026.6      0.54095    
    1029.6      0.54382    
    1032.6      0.54668    
    1035.6      0.54952    
    1038.6      0.55234    
    1041.6      0.55514    
    1044.5      0.55793    
    1047.5      0.56070    
    1050.5      0.56345    
    1053.5      0.56618    
    1056.5      0.56889    
    1059.5      0.57159    
    1062.5      0.57427    
    1065.5      0.57694    
    1068.5      0.57958    
    1071.4      0.58221    
    1074.4      0.58482    
    1077.4      0.58741    
    1080.4      0.58998    
    1083.4      0.59254    
    1086.4      0.59508    
    1089.4      0.59761    
    1092.4      0.60011    
    1095.4      0.60261    
    1098.4      0.60508    
    1101.3      0.60754    
    1104.3      0.60998    
    1107.3      0.61240    
    1110.3      0.61481    
    1113.3      0.61720    
    1116.3      0.61957    
    1119.3      0.62193    
    1122.3      0.62427    
    1125.3      0.62660    
    1128.3      0.62891    
    1131.3      0.63121    
    1134.2      0.63349    
    1137.2      0.63575    
    1140.2      0.63800    
    1143.2      0.64023    
    1146.2      0.64245    
    1149.2      0.64465    
    1152.2      0.64684    
    1155.2      0.64901    
    1158.2      0.65116    
    1161.2      0.65331    
    1164.1      0.65543    
    1167.1      0.65754    
    1170.1      0.65964    
    1173.1      0.66172    
    1176.1      0.66379    
    1179.1      0.66584    
    1182.1      0.66788    
    1185.1      0.66990    
    1188.1      0.67191    
    1191.1      0.67391    
    1194.0      0.67589    
    1197.0      0.67786    
    1200.0      0.67981    
    1203.0      0.68176    
    1206.0      0.68368    
    1209.0      0.68560    
    1212.0      0.68750    
    1215.0      0.68938    
    1218.0      0.69126    
    1220.9      0.69312    
    1223.9      0.69496    
    1226.9      0.69680    
    1229.9      0.69862    
    1232.9      0.70043    
    1235.9      0.70222    
    1238.9      0.70401    
    1241.9      0.70578    
    1244.9      0.70753    
    1247.9      0.70928    
    1250.8      0.71101    
    1253.8      0.71273    
    1256.8      0.71444    
    1259.8      0.71614    
    1262.8      0.71782    
    1265.8      0.71950    
    1268.8      0.72116    
    1271.8      0.72281    
    1274.8      0.72445    
    1277.8      0.72607    
    1280.8      0.72769    
    1283.7      0.72929    
    1286.7      0.73088    
    1289.7      0.73246    
    1292.7      0.73403    
    1295.7      0.73559    
    1298.7      0.73714    
    1301.7      0.73867    
    1304.7      0.74020    
    1307.7      0.74171    
    1310.7      0.74322    
    1313.6      0.74471    
    1316.6      0.74620    
    1319.6      0.74767    
    1322.6      0.74913    
    1325.6      0.75058    
    1328.6      0.75202    
    1331.6      0.75346    
    1334.6      0.75488    
    1337.6      0.75629    
    1340.6      0.75769    
    1343.5      0.75908    
    1346.5      0.76047    
    1349.5      0.76184    
    1352.5      0.76320    
    1355.5      0.76456    
    1358.5      0.76590    
    1361.5      0.76724    
    1364.5      0.76856    
    1367.5      0.76988    
    1370.4      0.77119    
    1373.4      0.77249    
    1376.4      0.77378    
    1379.4      0.77506    
    1382.4      0.77633    
    1385.4      0.77759    
    1388.4      0.77885    
    1391.4      0.78009    
    1394.4      0.78133    
    1397.4      0.78256    
    1400.3      0.78378    
    1403.3      0.78499    
    1406.3      0.78619    
    1409.3      0.78739    
    1412.3      0.78858    
    1415.3      0.78975    
    1418.3      0.79092    
    1421.3      0.79209    
    1424.3      0.79324    
    1427.3      0.79439    
    1430.3      0.79552    
    1433.2      0.79665    
    1436.2      0.79778    
    1439.2      0.79889    
    1442.2      0.80000    
    1445.2      0.80110    
    1448.2      0.80219    
    1451.2      0.80328    
    1454.2      0.80435    
    1457.2      0.80542    
    1460.2      0.80649    
    1463.1      0.80754    
    1466.1      0.80859    
    1469.1      0.80963    
    1472.1      0.81067    
    1475.1      0.81169    
    1478.1      0.81271    
    1481.1      0.81373    
    1484.1      0.81473    
    1487.1      0.81573    
    1490.1      0.81672    
    1493.0      0.81771    
    1496.0      0.81869    
    1499.0      0.81966    
    1502.0      0.82063    
    1505.0      0.82159    
    1508.0      0.82254    
    1511.0      0.82349    
    1514.0      0.82443    
    1517.0      0.82536    
    1519.9      0.82631    
    1522.9      0.82725    
    1525.9      0.82818    
    1528.9      0.82911    
    1531.9      0.83003    
    1534.9      0.83095    
    1537.9      0.83186    
    1540.9      0.83276    
    1543.9      0.83366    
    1546.9      0.83455    
    1549.8      0.83544    
    1552.8      0.83632    
    1555.8      0.83719    
    1558.8      0.83806    
    1561.8      0.83892    
    1564.8      0.83978    
    1567.8      0.84063    
    1570.8      0.84147    
    1573.8      0.84231    
    1576.8      0.84314    
    1579.7      0.84397    
    1582.7      0.84479    
    1585.7      0.84561    
    1588.7      0.84642    
    1591.7      0.84723    
    1594.7      0.84803    
    1597.7      0.84882    
    1600.7      0.84961    
    1603.7      0.85040    
    1606.7      0.85118    
    1609.7      0.85195    
    1612.6      0.85272    
    1615.6      0.85349    
    1618.6      0.85425    
    1621.6      0.85500    
    1624.6      0.85575    
    1627.6      0.85649    
    1630.6      0.85723    
    1633.6      0.85797    
    1636.6      0.85870    
    1639.6      0.85942    
    1642.5      0.86014    
    1645.5      0.86086    
    1648.5      0.86157    
    1651.5      0.86228    
    1654.5      0.86298    
    1657.5      0.86368    
    1660.5      0.86437    
    1663.5      0.86506    
    1666.5      0.86574    
    1669.4      0.86642    
    1672.4      0.86710    
    1675.4      0.86777    
    1678.4      0.86844    
    1681.4      0.86910    
    1684.4      0.86976    
    1687.4      0.87041    
    1690.4      0.87106    
    1693.4      0.87171    
    1696.4      0.87235    
    1699.3      0.87298    
    1702.3      0.87362    
    1705.3      0.87425    
    1708.3      0.87487    
    1711.3      0.87549    
    1714.3      0.87611    
    1717.3      0.87672    
    1720.3      0.87733    
    1723.3      0.87794    
    1726.3      0.87854    
    1729.2      0.87914    
    1732.2      0.87973    
    1735.2      0.88032    
    1738.2      0.88091    
    1741.2      0.88149    
    1744.2      0.88207    
    1747.2      0.88265    
    1750.2      0.88322    
    1753.2      0.88379    
    1756.2      0.88435    
    1759.2      0.88492    
    1762.1      0.88547    
    1765.1      0.88603    
    1768.1      0.88658    
    1771.1      0.88713    
    1774.1      0.88767    
    1777.1      0.88821    
    1780.1      0.88875    
    1783.1      0.88928    
    1786.1      0.88982    
    1789.1      0.89034    
    1792.0      0.89087    
    1795.0      0.89139    
    1798.0      0.89191    
    1801.0      0.89242    
    1804.0      0.89293    
    1807.0      0.89344    
    1810.0      0.89395    
    1813.0      0.89445    
    1816.0      0.89495    
    1818.9      0.89545    
    1821.9      0.89594    
    1824.9      0.89643    
    1827.9      0.89692    
    1830.9      0.89740    
    1833.9      0.89788    
    1836.9      0.89836    
    1839.9      0.89884    
    1842.9      0.89931    
    1845.9      0.89978    
    1848.8      0.90025    
    1851.8      0.90071    
    1854.8      0.90117    
    1857.8      0.90163    
    1860.8      0.90209    
    1863.8      0.90254    
    1866.8      0.90299    
    1869.8      0.90344    
    1872.8      0.90388    
    1875.8      0.90433    
    1878.7      0.90477    
    1881.7      0.90520    
    1884.7      0.90564    
    1887.7      0.90607    
    1890.7      0.90650    
    1893.7      0.90693    
    1896.7      0.90735    
    1899.7      0.90777    
    1902.7      0.90819    
    1905.7      0.90861    
    1908.7      0.90903    
    1911.6      0.90944    
    1914.6      0.90985    
    1917.6      0.91025    
    1920.6      0.91066    
    1923.6      0.91106    
    1926.6      0.91146    
    1929.6      0.91186    
    1932.6      0.91226    
    1935.6      0.91265    
    1938.6      0.91304    
    1941.5      0.91343    
    1944.5      0.91382    
    1947.5      0.91420    
    1950.5      0.91458    
    1953.5      0.91496    
    1956.5      0.91534    
    1959.5      0.91571    
    1962.5      0.91609    
    1965.5      0.91646    
    1968.4      0.91683    
    1971.4      0.91720    
    1974.4      0.91756    
    1977.4      0.91792    
    1980.4      0.91828    
    1983.4      0.91864    
    1986.4      0.91900    
    1989.4      0.91935    
    1992.4      0.91971    
    1995.4      0.92006    
    1998.3      0.92041    
    2001.3      0.92075    
    2004.3      0.92110    
    2007.3      0.92144    
    2010.3      0.92178    
    2013.3      0.92212    
    2016.3      0.92246    
    2019.3      0.92279    
    2022.3      0.92312    
    2025.3      0.92346    
    2028.2      0.92379    
    2031.2      0.92413    
    2034.2      0.92446    
    2037.2      0.92479    
    2040.2      0.92512    
    2043.2      0.92544    
    2046.2      0.92577    
    2049.2      0.92609    
    2052.2      0.92641    
    2055.2      0.92673    
    2058.1      0.92705    
    2061.1      0.92737    
    2064.1      0.92768    
    2067.1      0.92799    
    2070.1      0.92830    
    2073.1      0.92861    
    2076.1      0.92892    
    2079.1      0.92923    
    2082.1      0.92953    
    2085.1      0.92983    
    2088.1      0.93013    
    2091.0      0.93043    
    2094.0      0.93073    
    2097.0      0.93102    
    2100.0      0.93132    
    2103.0      0.93161    
    2106.0      0.93190    
    2109.0      0.93219    
    2112.0      0.93247    
    2115.0      0.93276    
    2117.9      0.93304    
    2120.9      0.93333    
    2123.9      0.93361    
    2126.9      0.93389    
    2129.9      0.93417    
    2132.9      0.93444    
    2135.9      0.93472    
    2138.9      0.93499    
    2141.9      0.93526    
    2144.9      0.93553    
    2147.9      0.93580    
    2150.8      0.93607    
    2153.8      0.93634    
    2156.8      0.93660    
    2159.8      0.93686    
    2162.8      0.93713    
    2165.8      0.93739    
    2168.8      0.93765    
    2171.8      0.93790    
    2174.8      0.93816    
    2177.8      0.93842    
    2180.7      0.93867    
    2183.7      0.93892    
    2186.7      0.93917    
    2189.7      0.93942    
    2192.7      0.93967    
    2195.7      0.93992    
    2198.7      0.94016    
    2201.7      0.94041    
    2204.7      0.94065    
    2207.6      0.94089    
    2210.6      0.94113    
    2213.6      0.94137    
    2216.6      0.94161    
    2219.6      0.94184    
    2222.6      0.94208    
    2225.6      0.94231    
    2228.6      0.94255    
    2231.6      0.94278    
    2234.6      0.94301    
    2237.6      0.94324    
    2240.5      0.94347    
    2243.5      0.94369    
    2246.5      0.94392    
    2249.5      0.94414    
    2252.5      0.94437    
    2255.5      0.94459    
    2258.5      0.94481    
    2261.5      0.94503    
    2264.5      0.94525    
    2267.4      0.94547    
    2270.4      0.94568    
    2273.4      0.94590    
    2276.4      0.94611    
    2279.4      0.94632    
    2282.4      0.94654    
    2285.4      0.94675    
    2288.4      0.94696    
    2291.4      0.94717    
    2294.4      0.94737    
    2297.4      0.94758    
    2300.3      0.94779    
    2303.3      0.94799    
    2306.3      0.94819    
    2309.3      0.94840    
    2312.3      0.94860    
    2315.3      0.94880    
    2318.3      0.94900    
    2321.3      0.94920    
    2324.3      0.94939    
    2327.2      0.94959    
    2330.2      0.94978    
    2333.2      0.94998    
    2336.2      0.95017    
    2339.2      0.95036    
    2342.2      0.95056    
    2345.2      0.95075    
    2348.2      0.95094    
    2351.2      0.95112    
    2354.2      0.95131    
    2357.1      0.95150    
    2360.1      0.95168    
    2363.1      0.95187    
    2366.1      0.95205    
    2369.1      0.95224    
    2372.1      0.95242    
    2375.1      0.95260    
    2378.1      0.95278    
    2381.1      0.95296    
    2384.1      0.95314    
    2387.1      0.95332    
    2390.0      0.95349    
    2393.0      0.95367    
    2396.0      0.95384    
    2399.0      0.95402    
    2402.0      0.95419    
    2405.0      0.95436    
    2408.0      0.95453    
    2411.0      0.95470    
    2414.0      0.95487    
    2416.9      0.95504    
    2419.9      0.95521    
    2422.9      0.95538    
    2425.9      0.95555    
    2428.9      0.95571    
    2431.9      0.95588    
    2434.9      0.95604    
    2437.9      0.95620    
    2440.9      0.95637    
    2443.9      0.95653    
    2446.9      0.95669    
    2449.8      0.95685    
    2452.8      0.95701    
    2455.8      0.95717    
    2458.8      0.95733    
    2461.8      0.95748    
    2464.8      0.95764    
    2467.8      0.95779    
    2470.8      0.95795    
    2473.8      0.95810    
    2476.8      0.95826    
    2479.7      0.95841    
    2482.7      0.95856    
    2485.7      0.95871    
    2488.7      0.95886    
    2491.7      0.95901    
    2494.7      0.95916    
    2497.7      0.95931    
    2500.7      0.95946    
    2503.7      0.95960    
    2506.6      0.95975    
    2509.6      0.95990    
    2512.6      0.96004    
    2515.6      0.96019    
    2518.6      0.96033    
    2521.6      0.96047    
    2524.6      0.96061    
    2527.6      0.96075    
    2530.6      0.96090    
    2533.6      0.96104    
    2536.6      0.96118    
    2539.5      0.96131    
    2542.5      0.96145    
    2545.5      0.96159    
    2548.5      0.96173    
    2551.5      0.96186    
    2554.5      0.96200    
    2557.5      0.96213    
    2560.5      0.96227    
    2563.5      0.96240    
    2566.4      0.96253    
    2569.4      0.96267    
    2572.4      0.96280    
    2575.4      0.96293    
    2578.4      0.96306    
    2581.4      0.96319    
    2584.4      0.96332    
    2587.4      0.96345    
    2590.4      0.96358    
    2593.4      0.96370    
    2596.4      0.96383    
    2599.3      0.96396    
    2602.3      0.96408    
    2605.3      0.96421    
    2608.3      0.96433    
    2611.3      0.96446    
    2614.3      0.96458    
    2617.3      0.96471    
    2620.3      0.96483    
    2623.3      0.96495    
    2626.3      0.96507    
    2629.2      0.96519    
    2632.2      0.96531    
    2635.2      0.96543    
    2638.2      0.96555    
    2641.2      0.96567    
    2644.2      0.96579    
    2647.2      0.96591    
    2650.2      0.96602    
    2653.2      0.96614    
    2656.1      0.96626    
    2659.1      0.96637    
    2662.1      0.96649    
    2665.1      0.96660    
    2668.1      0.96671    
    2671.1      0.96683    
    2674.1      0.96694    
    2677.1      0.96705    
    2680.1      0.96716    
    2683.1      0.96728    
    2686.1      0.96739    
    2689.0      0.96750    
    2692.0      0.96761    
    2695.0      0.96772    
    2698.0      0.96783    
    2701.0      0.96793    
    2704.0      0.96804    
    2707.0      0.96815    
    2710.0      0.96826    
    2713.0      0.96836    
    2715.9      0.96847    
    2718.9      0.96857    
    2721.9      0.96868    
    2724.9      0.96878    
    2727.9      0.96889    
    2730.9      0.96899    
    2733.9      0.96910    
    2736.9      0.96920    
    2739.9      0.96930    
    2742.9      0.96940    
    2745.9      0.96951    
    2748.8      0.96961    
    2751.8      0.96971    
    2754.8      0.96981    
    2757.8      0.96991    
    2760.8      0.97001    
    2763.8      0.97011    
    2766.8      0.97020    
    2769.8      0.97030    
    2772.8      0.97040    
    2775.7      0.97050    
    2778.7      0.97059    
    2781.7      0.97069    
    2784.7      0.97079    
    2787.7      0.97088    
    2790.7      0.97098    
    2793.7      0.97107    
    2796.7      0.97117    
    2799.7      0.97126    
    2802.7      0.97135    
    2805.6      0.97145    
    2808.6      0.97154    
    2811.6      0.97163    
    2814.6      0.97172    
    2817.6      0.97181    
    2820.6      0.97191    
    2823.6      0.97200    
    2826.6      0.97209    
    2829.6      0.97218    
    2832.6      0.97227    
    2835.6      0.97236    
    2838.5      0.97244    
    2841.5      0.97253    
    2844.5      0.97262    
    2847.5      0.97271    
    2850.5      0.97280    
    2853.5      0.97288    
    2856.5      0.97297    
    2859.5      0.97306    
    2862.5      0.97314    
    2865.4      0.97323    
    2868.4      0.97331    
    2871.4      0.97340    
    2874.4      0.97348    
    2877.4      0.97357    
    2880.4      0.97365    
    2883.4      0.97373    
    2886.4      0.97382    
    2889.4      0.97390    
    2892.4      0.97398    
    2895.4      0.97406    
    2898.3      0.97414    
    2901.3      0.97423    
    2904.3      0.97431    
    2907.3      0.97439    
    2910.3      0.97447    
    2913.3      0.97455    
    2916.3      0.97463    
    2919.3      0.97471    
    2922.3      0.97479    
    2925.3      0.97486    
    2928.2      0.97494    
    2931.2      0.97502    
    2934.2      0.97510    
    2937.2      0.97518    
    2940.2      0.97525    
    2943.2      0.97533    
    2946.2      0.97541    
    2949.2      0.97548    
    2952.2      0.97556    
    2955.1      0.97563    
    2958.1      0.97571    
    2961.1      0.97578    
    2964.1      0.97586    
    2967.1      0.97593    
    2970.1      0.97601    
    2973.1      0.97608    
    2976.1      0.97615    
    2979.1      0.97623    
    2982.1      0.97630    
    2985.1      0.97637    
    2988.0      0.97644    
    2991.0      0.97652    
    2994.0      0.97659    
    2997.0      0.97666    
    3000.0      0.97673    
